1601
1599
1594
1591
1590
1587
1585
1581
1576
1573
1567
1565
1564
1558
1554
1553
1552
1549
1548
1547
1542
1541
1540
1539
1535
1534
1531
1530
1528
1527
1525
1524
1520
1516
1515
1509
1508
1506
1504
1500
1498
1489
1478
1475
1473
1467
1457
1454
1452
1449
1448
1443
1442
1435
1430
1424
1421
1420
1418
1417
1415
1403
1396
1395
1410
1388
1382
1380
1546
1379
1375
1374
1369
1368
1367
1362
1361
1358
1356
1353
1350
1348
1343
1337
1335
1334
1333
1326
1578
1325
1324
1323
1321
1320
1345
1319
1316
1313
1307
1306
1302
1297
1296
1290
1284
1282
1274
1271
1270
1267
1264
1259
1258
1255
1241
1240
1239
1238
1235
1234
1231
1228
1212
1211
1208
1197
1195
1272
1192
1187
1220
1183
1181
1173
1172
1170
1165
1160
1157
1156
1148
1145
1141
1139
1137
1135
1132
1129
1127
1124
1123
1122
1273
1118
1112
1103
1102
1099
1095
1092
1084
1080
1078
1077
1074
1073
1071
1493
1389
1064
1063
1055
1054
1280
1052
1049
1048
1042
1036
1030
1028
1026
1012
1009
1001
1015
996
1338
993
989
986
982
981
976
968
966
963
959
956
955
954
953
1570
942
938
1151
935
925
973
922
919
916
915
913
910
1200
907
905
899
898
895
891
889
1543
1120
888
884
883
881
879
875
874
872
871
1550
867
859
855
854
848
847
845
843
842
837
1575
835
831
1412
829
1011
827
1115
817
812
1370
1010
1247
804
1394
794
793
791
786
782
778
767
766
764
1066
762
755
754
753
920
1221
752
751
749
988
780
747
746
840
1276
1491
1265
1339
745
743
742
741
870
1182
740
737
735
729
727
726
724
720
718
712
1425
710
703
700
699
1439
697
694
692
690
1346
678
674
668
667
665
664
661
1432
659
657
655
771
653
1544
652
1317
650
643
961
651
1134
641
639
637
725
635
633
628
1116
626
624
623
619
615
614
613
612
611
607
1133
1329
621
605
603
602
598
596
983
1035
1486
1328
1083
592
1526
590
997
589
758
586
582
581
580
579
575
572
569
565
564
561
599
638
560
550
1176
1431
544
543
542
1167
540
536
534
532
528
1223
523
522
521
1451
688
520
1018
516
663
682
1086
708
788
1068
511
510
509
505
500
499
498
717
495
493
488
487
486
484
483
1589
1557
480
774
479
654
1405
1336
1600
1091
1164
1492
1571
491
478
474
469
1342
893
631
971
465
458
453
452
448
446
441
436
906
435
640
731
1533
450
965
1496
434
433
428
425
424
423
419
548
857
1429
1062
417
415
412
411
1414
403
402
401
636
391
389
388
1433
1559
617
385
379
376
1456
374
833
1230
634
372
825
573
658
1256
462
517
370
369
775
583
368
367
365
984
364
1017
360
359
1000
356
353
352
349
1021
1106
722
1344
348
347
1096
343
970
814
1016
341
1204
338
337
332
330
328
1371
1251
1114
325
943
324
323
1300
322
320
309
431
398
305
1563
304
301
298
294
1159
373
1315
777
288
1130
287
285
283
281
280
279
438
1318
275
808
274
273
272
270
269
314
807
1385
266
1510
265
1143
262
1595
258
1198
256
255
252
251
248
967
247
246
245
244
1483
243
331
1386
241
784
571
1037
1438
683
239
236
234
335
232
838
302
226
224
1210
763
595
687
223
675
897
222
1419
1201
1087
649
442
930
334
1422
1179
475
671
221
1242
952
357
215
1588
1408
214
213
212
1521
563
289
211
204
202
490
200
198
197
556
196
195
194
191
1428
1391
190
1383
429
546
979
188
1237
733
186
355
185
183
180
178
177
176
174
828
173
168
908
1481
606
926
1482
940
1281
167
166
164
159
1393
158
157
154
537
1505
512
985
728
297
1487
485
937
1596
1341
242
1065
819
1217
148
1291
987
844
832
264
142
1166
375
139
137
135
133
1006
250
268
917
1051
876
1363
437
552
1218
404
303
193
601
1254
1233
132
1214
143
577
145
1229
681
346
1033
1445
1081
233
317
1538
773
354
591
1464
506
1470
1357
1347
969
1462
1409
503
1186
861
1266
1050
1008
413
851
531
785
770
885
1279
130
444
1014
129
1180
128
126
120
119
597
567
711
150
501
382
131
914
1476
909
707
1465
160
254
800
1298
336
1545
439
162
407
527
530
721
315
515
1232
118
117
114
109
108
936
882
307
849
384
1027
344
1203
421
928
513
406
1566
107
1209
106
1125
962
714
104
101
449
100
98
1441
890
97
96
93
941
1060
92
91
89
798
380
576
90
99
1072
587
836
1579
125
235
616
1512
1580
642
810
1416
276
1404
1213
291
1250
350
673
1477
392
112
964
1440
834
86
948
261
83
1463
82
81
80
853
147
514
76
644
1044
545
945
666
75
371
670
73
66
1523
1174
65
63
61
1215
1352
1260
1584
1039
739
1568
58
701
1043
201
944
57
295
408
326
85
237
459
182
56
430
53
689
51
931
1461
48
293
902
47
46
44
70
568
1111
42
41
124
263
1025
299
1061
55
957
138
923
1031
1089
390
443
538
1561
856
1144
1287
1411
172
253
1288
811
1236
1354
400
1551
880
627
1373
149
821
951
894
1069
524
818
1023
466
40
39
36
1560
122
1574
1024
1168
144
35
34
32
555
1480
64
1117
1529
723
696
1075
519
1041
1397
74
535
94
732
1474
1057
175
153
549
1364
1400
1202
316
1582
1138
271
1222
839
397
1593
1502
1497
588
693
362
240
1556
1444
1005
1013
1149
282
1536
645
1184
679
31
28
49
339
1447
27
803
300
25
457
1261
620
830
1162
1602
1088
23
1479
22
1392
20
939
1583
21
184
345
1253
78
489
1331
199
18
16
15
929
878
14
1252
863
604
292
1150
467
1514
609
1155
1309
1152
1569
887
1038
584
779
1146
1468
761
1121
695
1472
13
12
11
152
187
719
134
1598
757
1592
409
796
62
54
502
1085
69
1330
1285
1128
1406
980
677
1178
1413
999
10
1434
1045
140
972
1387
1484
209
865
934
1455
141
860
420
496
995
1399
1305
685
625
559
608
358
1191
547
208
715
1340
220
960
669
342
72
1292
1003
877
990
1312
901
896
1076
1098
1518
377
205
1058
541
136
662
862
1263
1402
115
456
1378
1351
395
1216
1537
1332
68
1175
1458
432
1196
869
267
1365
1283
873
1190
1453
1070
454
765
77
600
179
1299
9
461
6
706
975
52
912
29
578
19
50
698
924
1110
1094
5
1446
60
4
3
1154
1
1355
1100
1126
585
1053
363
123
95
850
1322
744
387
684
676
278
797
1163
1188
1349
1308
463
815
206
59
1286
67
1513
284
622
181
2
351
1460
110
155
405
789
750
946
702
1104
464
526
826
1275
477
802
768
1205
366
306
866
7
203
1107
290
716
823
228
227
610
557
991
852
748
1097
806
553
1226
1119
805
329
562
824
340
630
1278
473
1147
87
713
218
795
1105
207
260
445
554
1511
792
1532
618
1436
911
311
1169
210
1158
249
17
216
43
1108
558
1471
1310
1301
1020
813
1398
383
1488
1040
648
1586
1109
418
1501
734
566
1597
192
1022
518
481
103
238
1459
116
921
525
165
680
781
1466
1293
900
1390
787
1245
858
440
686
386
1082
570
783
947
312
632
1090
361
1257
1437
1177
886
171
1401
1503
846
163
26
113
259
497
1366
656
321
801
868
296
1450
217
1268
1171
381
1007
1249
219
1522
772
705
447
672
691
992
225
738
1056
494
470
1142
492
1246
816
629
1572
1193
1314
1359
1093
1227
396
647
33
121
1199
1131
1046
998
574
1248
529
156
460
102
958
170
1019
809
533
1499
994
378
1101
1277
277
1485
468
146
8
38
551
1243
471
593
1494
229
1269
1495
977
903
769
308
1034
1469
1185
1311
127
1067
759
736
482
1225
756
1423
1377
1059
286
1304
539
904
892
451
393
1426
660
427
257
1360
1372
189
45
508
1002
455
841
319
414
313
1029
1136
1327
1262
327
760
820
1032
1004
949
1224
37
333
933
230
394
709
1294
1407
864
1206
790
1376
646
476
932
1153
1517
927
161
1161
822
950
1303
918
310
1427
507
231
416
88
1577
30
1384
704
504
426
79
1244
1519
799
1490
1562
1079
1381
1207
1289
24
776
1194
84
1113
730
151
318
1047
978
974
1189
1295
410
472
111
399
1219
71
169
1555
1140
594
422
105
1507
0
