181 239 88
282 160 250
213 30 320
26 100 399
114 147 421
6 115 425
91 177 616
258 32 710
251 220 719
263 155 729
79 67 776
287 262 869
117 57 968
171 97 1046
295 235 1131
200 11 1142
101 33 1325
110 57 1709
229 157 1800
138 168 1849
268 58 1913
263 245 1939
213 23 1986
36 142 2057
172 155 2089
10 77 2498
242 158 2703
30 57 2854
126 300 3071
58 167 3260
61 205 3571
291 282 3891
259 15 4160
283 271 4180
289 47 4308
285 298 4312
248 106 4336
127 92 4581
219 208 4702
236 232 4725
136 267 5085
83 252 5141
259 96 5185
294 295 5273
20 101 5342
104 182 5431
257 16 5448
69 176 5583
183 159 5621
161 115 5695
264 144 6117
286 72 6172
299 62 6245
283 16 6389
27 34 6448
106 151 6509
105 202 6595
269 9 6624
297 72 6702
244 153 7053
61 257 7114
127 52 7507
294 95 7520
30 6 7540
250 190 7663
210 192 7783
58 221 7823
20 0 7849
63 236 7868
53 15 7869
219 51 7928
136 182 7986
298 168 7989
49 160 8258
106 5 8329
168 85 8382
4 55 8421
1 143 8465
255 70 8535
158 231 8541
69 14 8613
19 167 8750
37 145 8799
300 92 8933
63 186 9049
4 260 9265
128 184 9654
165 99 9901
226 202 10105
207 183 10144
36 92 10167
55 249 10179
280 164 10262
117 242 10287
295 256 10289
141 95 10473
178 164 10498
173 47 10589
220 89 10664
291 224 10697
289 93 10906
42 143 11072
255 12 11165
33 146 11201
141 288 11296
127 39 11464
199 42 11510
23 11 11639
69 151 11756
131 37 11797
143 121 11866
58 250 12180
33 184 12269
163 174 12300
0 220 12414
299 144 12434
31 233 12488
294 191 12525
256 279 12534
181 93 12583
273 151 12697
215 89 12744
178 277 13106
258 199 13314
52 149 13395
183 46 13409
219 300 13469
243 42 13513
276 6 13544
163 230 13593
219 104 13621
30 186 13669
43 146 13755
232 261 13791
286 47 13858
218 208 13934
268 279 13950
170 1 13962
193 168 14395
269 250 14399
113 36 14415
69 38 14460
154 46 14468
219 137 14490
207 114 14517
279 160 14588
122 188 14808
66 168 14848
86 101 14857
270 148 15074
28 209 15108
82 167 15146
163 126 15247
28 85 15255
30 19 15373
289 162 15648
39 13 15662
108 42 15727
112 203 15893
59 175 15928
52 290 16070
289 68 16132
285 74 16149
223 57 16151
139 21 16213
8 89 16250
23 147 16369
130 161 16424
214 252 16488
258 82 16540
299 66 16622
183 12 16739
202 230 16756
128 255 16824
29 249 16852
280 207 16875
278 160 16903
66 39 17107
193 259 17187
187 277 17351
260 246 17411
154 149 17443
265 18 17543
65 157 17549
124 47 17612
219 81 17785
50 34 17844
104 233 17950
91 43 18091
102 239 18158
55 253 18316
289 283 18431
30 189 18435
150 147 18591
4 103 18624
278 41 18749
65 156 19385
225 24 19409
29 181 19462
249 252 19576
64 229 19606
216 62 19722
273 15 19993
284 9 20444
262 183 20560
196 142 20566
24 8 20596
253 203 20608
269 227 20774
11 73 21707
64 164 21802
228 187 21945
23 194 22002
51 204 22119
212 219 22384
196 148 22506
89 71 23055
218 21 23085
20 78 23146
136 67 23273
10 44 23289
221 44 23390
266 259 23420
54 230 23731
285 274 24006
182 153 24308
188 158 24330
80 172 24856
240 231 25089
100 79 25322
139 145 25393
155 147 25554
105 185 25629
155 40 25941
69 249 26068
133 227 26184
17 43 26230
222 270 26536
107 70 26891
134 148 26991
10 169 27025
262 180 27220
20 3 27355
171 250 27828
210 122 28282
116 157 28509
138 99 28641
275 97 29276
84 70 29404
272 148 29820
132 75 30398
217 33 30787
265 270 30837
292 45 31071
207 60 31353
207 140 31358
31 206 31423
214 75 31510
210 166 31815
195 66 32537
53 293 32580
175 173 32635
22 158 32921
292 198 33543
91 48 33731
119 177 33793
200 125 34005
81 179 34535
247 208 34832
241 145 35633
278 123 35776
141 88 35817
60 45 36282
135 176 36500
109 87 36828
20 56 37946
211 281 37960
178 98 39480
94 151 39742
118 205 40269
296 254 40384
197 238 40764
212 281 40851
197 147 41029
103 234 42042
201 189 42237
80 7 43044
34 150 43360
13 237 43413
207 76 43877
25 106 44778
111 206 45959
292 87 46275
258 120 48718
211 35 50983
152 158 51471
296 277 51675
25 90 61623
135 2 85149
129 249 144363
