inserted 65
inserted 49
inserted 40
cannot delete 87 
40 49 65 
40 49 65 
not found 44
40 49 65 
inserted 10
cannot delete 55 
inserted 33
33 10 40 49 65 
33 10 40 49 65 
cannot delete 86 
not found 85
33 10 40 49 65 
not found 95
found 49
not found 0
33 10 40 49 65 
not found 2
33 10 40 49 65 
inserted 20
20 33 10 40 49 65 
20 33 10 40 49 65 
20 33 10 40 49 65 
cannot delete 92 
20 33 10 40 49 65 
cannot delete 3 
inserted 5
inserted 3
not found 65
inserted 45
not found 57
45 3 5 20 33 10 40 49 65 
inserted 52
cannot delete 34 
inserted 36
inserted 61
inserted 84
inserted 10
10 84 61 36 52 45 3 5 20 33 10 40 49 65 
10 84 61 36 52 45 3 5 20 33 10 40 49 65 
inserted 33
cannot delete 12 
33 10 84 61 36 52 45 3 5 20 33 10 40 49 65 
cannot delete 82 
not found 72
inserted 51
not found 9
inserted 56
56 51 33 10 84 61 36 52 45 3 5 20 33 10 40 49 65 
inserted 41
not found 97
41 56 51 33 10 84 61 36 52 45 3 5 20 33 10 40 49 65 
41 56 51 33 10 84 61 36 52 45 3 5 20 33 10 40 49 65 
41 56 51 33 10 84 61 36 52 45 3 5 20 33 10 40 49 65 
inserted 92
92 41 56 51 33 10 84 61 36 52 45 3 5 20 33 10 40 49 65 
inserted 94
inserted 20
20 94 92 41 56 51 33 10 84 61 36 52 45 3 5 20 33 10 40 49 65 
inserted 53
inserted 81
deleted 36 
cannot delete 80 
inserted 0
not found 98
not found 80
0 81 53 20 94 92 41 56 51 33 10 84 61 52 45 3 5 20 33 10 40 49 65 
not found 46
cannot delete 50 
not found 75
inserted 29
inserted 26
cannot delete 15 
26 29 0 81 53 20 94 92 41 56 51 33 10 84 61 52 45 3 5 20 33 10 40 49 65 
cannot delete 35 
not found 60
cannot delete 60 
26 29 0 81 53 20 94 92 41 56 51 33 10 84 61 52 45 3 5 20 33 10 40 49 65 
26 29 0 81 53 20 94 92 41 56 51 33 10 84 61 52 45 3 5 20 33 10 40 49 65 
found 56
inserted 58
58 26 29 0 81 53 20 94 92 41 56 51 33 10 84 61 52 45 3 5 20 33 10 40 49 65 
not found 8
cannot delete 25 
not found 44
not found 15
inserted 68
inserted 81
not found 93
inserted 2
inserted 84
inserted 96
96 84 2 81 68 58 26 29 0 81 53 20 94 92 41 56 51 33 10 84 61 52 45 3 5 20 33 10 40 49 65 
96 84 2 81 68 58 26 29 0 81 53 20 94 92 41 56 51 33 10 84 61 52 45 3 5 20 33 10 40 49 65 
cannot delete 14 
96 84 2 81 68 58 26 29 0 81 53 20 94 92 41 56 51 33 10 84 61 52 45 3 5 20 33 10 40 49 65 
inserted 63
inserted 30
cannot delete 62 
30 63 96 84 2 81 68 58 26 29 0 81 53 20 94 92 41 56 51 33 10 84 61 52 45 3 5 20 33 10 40 49 65 
inserted 31
deleted 49 
inserted 73
73 31 30 63 96 84 2 81 68 58 26 29 0 81 53 20 94 92 41 56 51 33 10 84 61 52 45 3 5 20 33 10 40 65 
cannot delete 93 
inserted 56
not found 1
56 73 31 30 63 96 84 2 81 68 58 26 29 0 81 53 20 94 92 41 56 51 33 10 84 61 52 45 3 5 20 33 10 40 65 
cannot delete 62 
56 73 31 30 63 96 84 2 81 68 58 26 29 0 81 53 20 94 92 41 56 51 33 10 84 61 52 45 3 5 20 33 10 40 65 
56 73 31 30 63 96 84 2 81 68 58 26 29 0 81 53 20 94 92 41 56 51 33 10 84 61 52 45 3 5 20 33 10 40 65 
not found 6
56 73 31 30 63 96 84 2 81 68 58 26 29 0 81 53 20 94 92 41 56 51 33 10 84 61 52 45 3 5 20 33 10 40 65 
inserted 72
not found 21
inserted 5
deleted 61 
not found 27
found 51
not found 97
inserted 53
inserted 6
not found 21
inserted 88
88 6 53 5 72 56 73 31 30 63 96 84 2 81 68 58 26 29 0 81 53 20 94 92 41 56 51 33 10 84 52 45 3 5 20 33 10 40 65 
inserted 33
deleted 81 
not found 99
not found 76
inserted 64
64 33 88 6 53 5 72 56 73 31 30 63 96 84 2 68 58 26 29 0 81 53 20 94 92 41 56 51 33 10 84 52 45 3 5 20 33 10 40 65 
deleted 52 
not found 23
found 3
inserted 61
61 64 33 88 6 53 5 72 56 73 31 30 63 96 84 2 68 58 26 29 0 81 53 20 94 92 41 56 51 33 10 84 45 3 5 20 33 10 40 65 
inserted 30
30 61 64 33 88 6 53 5 72 56 73 31 30 63 96 84 2 68 58 26 29 0 81 53 20 94 92 41 56 51 33 10 84 45 3 5 20 33 10 40 65 
not found 37
30 61 64 33 88 6 53 5 72 56 73 31 30 63 96 84 2 68 58 26 29 0 81 53 20 94 92 41 56 51 33 10 84 45 3 5 20 33 10 40 65 
